RANDOM FOREST  --- NAIVE INPUT
Train: 0.9906819367857189
Test: 0.8816321949808165
RANDOM FOREST  --- Z
Train: 0.9455702847399046
Test: 0.557248134166184


